ΙΙ. Index of Names,

Aaron 285, 400, 402.

Aaronitae 76, 214, 284, 285, 402. ·

Abel 15, 24, 7ο, 81, 82, 97, 124,
391, 392, 393, 420, 446, 447.

Abiathar 144.

Abiron 382.

Abner 144.

Abraharn 6, 24, 82, 83, 127, 320,
403, 433, 470, 480.

Achab 198.

Adalbertus Ranconis de Ericinio
in Boemia 92.

Adam 11, 60, 70, 81, 127, 135,
151, 164, 449, 441.

Adonia 144.

Aegyptii (= Egyptii) 254.

Aegyptus (τ. Egyptus) 433.

Aethiopia (z Eth10pia) 290.

Agag 262.

Agar 470.

Altissidorensis(Autissidorensis)
493, 498, 555-

Amasan 144.

Ambrosius 88, 251, 201, 202,
353, 376, 377, 457, 54 6.

Aminadab 204.

Anastasius 87.

Anglia (Angliae regnum) 14, 15,
30, 142, 143, 144, 145, 146, 147,
148, 149, 150,151,152‚ 156, 157,
216, 218, 219, 220, 229, 230,
234, 237, 239, 244, 245, 259,
263, 264, 265, 270, 271, 275,
278, 279, 282, 310, 326, 327,
328, 329, 331, 333, 334, 335,
336, 337, 338, 339-343, 344,
347, 350, 351, 352, 353, 354,
355, 356, 366, 371, 374, 377,
383, 384, 386, 427, 491.

Angliae reges 142, 143, 146, 148,
152, 205, 217, 218, 219, 220, 221,
229, 233, 234, 254, 264, 265,

 

266, 282, 329, 334, 336, 337,
338, 339, 340, 341, 342, 343,
344, 345, 374, 383, 384, 491.
Anglicana ecclesia 217, 244, 24 5,
253, 267, 366, 386.
Anglici 352.
Anglicus 146, 386.
Anna 478.
Anselmus 127, 259, 422, 506.
Antichristus 356, 377, 451.
Antisimon see Simon.
Antiochia 15.

, Apollo 36, 280.

Archidiaconus (Guido de ssay—
sis) 68, 212, 257, 549, 550.

Ardmacanus see Fitz Ralph.

Asianus 400.

Aristoteles 2, 8, 61, 62, 100, 104,
106, 108, 116‚158‚ 160, 193, 233.

Arius 400, 401, 496.

g Asia 290.

Asiana ecclesia 31.
Assirii 376.

Augustinus s. 3, 4, 5, 6, 7, 10,

12, 18, 19, 36, 37, 42, 43, 47,
48, 49, 50‚-51, 59, 63, 64, 65,
66, 71, 74, 77, 79. 81, 82, 83,
84, 85, 88, 89, 90, 94, 103,

111, 112, 120, 121, 130, 133, 136,

137, 138,139,148,149,15ο,160,
163,164, 166, 173, 175,181,182,
185, 186, 188,197, 203, 212, 213,
241, 242, 256, 261, 268, 269,

270, 281,3ο1, 302, 303, 310, 311,
314, 316, 318, 321, 322, 328, 329,

346, 347, 302, 366, 367, 369,
372, 380, 385, 389, 390, 391,
392, 393, 394, 397, 399, 401,

403, 405, 406, 407. 408, 409,

410, 416, 417, 418, 419, 422,
423, 426, 428, 429, 430, 431,
432, 437, 438, 439, 442, 443,

 

446, 447, 449, 454, 457, 458,
464, 466, 467, 469, 470, 473,
474, 475, 476. 477, 478, 479,
480, 481, 482, 483, 484, 486,
487, 489, 495, 496, 518, 521,
523, 524, 525, 528, 529, 530, 534,
535, 536, 537, 538, 541, 542,
543, 563, ⁵79-

Augustinus abbas 336.

Averrhoes 95, 292, 386.

l Baal 93, 291, 434, 520.

ssabel 65.

Balaam 448.

Baithasar 274.

Baptista see Johannes.

Barnabas 34.

8211111120 see Wilhelmus

Beda 12, 137, 199, 300.

Belial 121.

Bellus Mons (Beaumont) local
name at oxford 15.

Bernhardus s. 13, 66, 67, 100,
109, 137, 314, 316, 317, 328,
343, 422, 516.

Bethlehemiticus (Christus) 16,

Boemia 338.

Bohemi 299.

Bolonia (Bononia) 366.

Bonaventura s. 494, 496, 497,
498, 499, 500, 501, 502, 503,
504, 505, 507, 552, 554, 555, 563.

Bonifacius VIII. 7, 25, 26, 33, 34,
37, 84, 111, 112, 114.

Bonifacius 416, 417, 469.

Bradwardine 79, 138.

Britones 217, 326.

Cananaei 70, 485, 486.
Canterbury 79.
Cardinalis 419, 421.
Caym 70, 81, 82, 391.

